0.044809052,0.309766779,0.421286503,0.902859375,-1
0.575951437,0.460562183,0.355129986,0.063571284,1
0.031463031,0.661118203,0.851805485,0.408283307,-1
0.091743929,0.70994642,0.45879292,0.587733117,1
0.295292868,0.579999563,0.836926217,0.640644051,1
0.719375797,0.680236992,0.078346763,0.65630174,1
0.852250805,0.227467742,0.635346248,0.898997874,1
0.003988637,0.040028526,0.815172436,0.567855936,-1
0.980175679,0.803801171,0.479379896,0.419631821,1
0.477946205,0.787512812,0.024101272,0.04063311,1
0.986501663,0.342872271,0.914153971,0.414156678,1
0.153995525,0.952471904,0.477818476,0.119148364,1
0.72249103,0.657622063,0.206974537,0.685692464,1
0.962501266,0.229141326,0.352362987,0.337550991,1
0.881218384,0.603828573,0.34768148,0.001743685,1
0.417919579,0.033954275,0.864332646,0.114519886,-1
0.765192107,0.059914819,0.02372641,0.344346551,1
0.819014478,0.213779573,0.880897567,0.257933734,1
0.784419177,0.899849342,0.291910839,0.395089755,1
0.890122488,0.740948159,0.823922037,0.033320567,1
0.632774905,0.937718664,0.829578305,0.35412508,1
0.284713961,0.395397699,0.220926541,0.916894829,1
0.927178248,0.937006485,0.105952161,0.037068436,1
0.255635831,0.062776889,0.9582184,0.333550059,-1
0.435438542,0.426209411,0.140645392,0.038963608,1
0.326863306,0.484633948,0.154712016,0.248640363,1
0.187211786,0.671958023,0.557066277,0.762069748,1
0.912154069,0.782517374,0.790387666,0.428949883,1
0.330787753,0.336038435,0.961513975,0.979133143,-1
0.344401168,0.117160568,0.095373419,0.633392692,1
0.133747883,0.67351811,0.870229081,0.059029593,-1
0.654561589,0.035624349,0.319422191,0.197679951,1
0.568472276,0.544540478,0.995542211,0.302112885,1
0.975834223,0.16024633,0.227627214,0.561972703,1
0.437830558,0.388262841,0.558708319,0.289303345,1
0.969859485,0.073972331,0.954093582,0.425404774,1
0.756303335,0.253044944,0.801840956,0.837829355,1
0.621984908,0.252467108,0.176234266,0.833059156,1
0.926411317,0.015395659,0.820718943,0.878094514,1
0.600000969,0.345730241,0.461307129,0.012313898,1
0.360998393,0.450665088,0.77534311,0.059724648,1
0.103179347,0.445584855,0.455771463,0.778727274,1
0.652334412,0.743616146,0.345264028,0.886115767,1
0.84990649,0.672046057,0.502842239,0.895473453,1
0.54177942,0.388268806,0.413602002,0.782690701,1
0.958754168,0.334649042,0.481385403,0.151899978,1
0.888493051,0.860825782,0.511023801,0.880039223,1
0.734432641,0.269745452,0.722051167,0.270441097,1
0.709695298,0.091843602,0.408844467,0.966159024,1
0.074569398,0.039119453,0.895037651,0.684632355,-1
0.345010962,0.61841552,0.309728263,0.348944422,1
0.854626598,0.427329377,0.874486196,0.150664679,1
0.857903544,0.453692364,0.135454852,0.323441727,1
0.601361391,0.912114063,0.469303296,0.400846301,1
0.886248927,0.559481179,0.327334355,0.041535191,1
0.496632141,0.463112699,0.915275478,0.039895148,1
0.172446712,0.670551282,0.154709524,0.757596997,1
0.587774137,0.853183109,0.09697626,0.003880143,1
0.023360401,0.898117192,0.238165784,0.114292067,1
0.683434034,0.71491849,0.923979921,0.473027226,1
0.029873255,0.229948687,0.664536113,0.19343359,-1
0.202561145,0.649780388,0.759531935,0.275194729,-1
0.38209667,0.484327322,0.306994871,0.509287393,1
0.738902519,0.714445671,0.60823468,0.683295794,1
0.689176951,0.438595196,0.964511351,0.621973311,1
0.16044416,0.213915205,0.257999971,0.658585471,1
0.369798545,0.690390673,0.695352445,0.466251335,1
0.980952974,0.492361677,0.120589817,0.226721257,1
0.670315672,0.985183105,0.7776898,0.705432068,1
0.222650897,0.72543452,0.184607687,0.510517012,1
0.754225709,0.364526471,0.047665656,0.642377178,1
0.072851948,0.521045452,0.39099607,0.29321807,1
0.595043206,0.989716419,0.717038786,0.807770579,1
0.213269045,0.994241455,0.501724261,0.671619815,1
0.234217534,0.40368648,0.832018102,0.070672765,-1
0.349937273,0.324692112,0.048624346,0.688538114,1
0.39000665,0.924572985,0.439376397,0.474146485,1
0.967668364,0.628067938,0.575625859,0.045339441,1
0.886084981,0.598306228,0.021002047,0.268083269,1
0.719138949,0.749948859,0.149531585,0.538366923,1
0.11568574,0.524367721,0.174726647,0.895573771,1
0.247074148,0.345522668,0.290952541,0.813480011,1
0.808485633,0.467703577,0.455592114,0.66970607,1
0.328005578,0.430923767,0.231550165,0.512847855,1
0.525601439,0.993951785,0.541838447,0.789853218,1
0.864614279,0.588488158,0.330737053,0.774643631,1
0.36526105,0.980197065,0.362691809,0.581655529,1
0.559867675,0.436860952,0.108316127,0.106037224,1
0.399525347,0.867417308,0.290017211,0.555549657,1
0.61856169,0.132961198,0.402303018,0.887986405,1
0.003135692,0.708309178,0.505107434,0.159518036,-1
0.198831408,0.429881834,0.085511779,0.27336711,1
0.190498797,0.810654076,0.280312338,0.582651043,1
0.443894341,0.743104801,0.143933506,0.906809207,1
0.742267413,0.764065916,0.949694304,0.883945704,1
0.842360657,0.228821476,0.382862577,0.629576379,1
0.265821368,0.702176463,0.638265102,0.406816834,1
0.071006038,0.927262188,0.804784095,0.368818119,-1
0.622420091,0.110516611,0.443656989,0.333635532,1
0.330746559,0.040466741,0.927237136,0.025649681,-1
0.492225355,0.024617235,0.53364743,0.009175167,1
0.928923006,0.840957172,0.934255783,0.224814229,1
0.4728856,0.955688943,0.382612365,0.174181612,1
0.15111271,0.423672314,0.96467999,0.236245128,-1
0.101032741,0.247920821,0.935969204,0.235265679,-1
0.577743945,0.996360409,0.473408794,0.803424491,1
0.966427283,0.803454695,0.461643984,0.992162563,1
0.222208364,0.494985779,0.239123376,0.420116829,1
0.278500719,0.726127132,0.130146444,0.73052636,1
0.980910999,0.271954198,0.768156549,0.358761507,1
0.655811616,0.117514283,0.010760042,0.513913671,1
0.3999524,0.645631196,0.548383215,0.831849244,1
0.569668522,0.076330938,0.118621173,0.113900858,1
0.586828043,0.821832091,0.205431962,0.67859354,1
0.929865327,0.708919163,0.232340192,0.492544002,1
0.489094659,0.158195503,0.710917562,0.741094718,1
0.634675024,0.096026201,0.040328257,0.405030296,1
0.400002727,0.04193112,0.450273463,0.089947653,1
0.869501949,0.772000473,0.629838974,0.34910341,1
0.950154474,0.2498796,0.887919484,0.952208451,1
0.915598809,0.309033147,0.404125736,0.06959661,1
0.162128479,0.863952307,0.819481583,0.87824947,-1
0.094389654,0.424238741,0.241008928,0.439091832,1
0.537723766,0.972804753,0.067527833,0.894151731,1
0.537402108,0.947875747,0.027367145,0.699842836,1
0.302044846,0.160171735,0.470319267,0.509167568,1
0.20278253,0.484739287,0.334359552,0.100419805,1
0.724480342,0.680023725,0.56538283,0.694623008,1
0.205494751,0.834477085,0.116974311,0.119410428,1
0.409304397,0.972803221,0.105210631,0.419913341,1
0.03023957,0.136905181,0.98951367,0.839596707,-1
0.337212966,0.383212268,0.21274355,0.49297751,1
0.90087394,0.931167748,0.941223701,0.773395465,1
0.831771077,0.111999825,0.664886917,0.307469002,1
0.825605391,0.856015857,0.77136726,0.518048726,1
0.022281906,0.234536117,0.969876582,0.826411311,-1
0.783370782,0.604960455,0.852112579,0.407131584,1
0.726162067,0.836117484,0.53748905,0.491246344,1
0.732002949,0.594071499,0.308192579,0.792710936,1
0.28409571,0.902348845,0.924067156,0.094514516,1
0.393476406,0.324002537,0.302971031,0.732531566,1
0.087327064,0.227000519,0.543229574,0.751062496,-1
0.780893889,0.170040605,0.946418619,0.786764545,1
0.570939843,0.24848498,0.585931788,0.614461549,1
0.000663825,0.83006019,0.402257015,0.456281875,-1
0.105551753,0.369227739,0.178426058,0.794995217,1
0.385955838,0.033574216,0.403276976,0.194751262,1
0.283799423,0.750019996,0.632660025,0.761142823,1
0.093019895,0.604891898,0.389702373,0.774900582,1
0.519607497,0.345418164,0.589267715,0.150943349,1
0.388628455,0.054023352,0.115924845,0.309510547,1
0.3516555,0.38508458,0.327365969,0.508008737,1
0.153299509,0.920806993,0.858746349,0.127492198,-1
0.900206377,0.834033867,0.338844895,0.484921676,1
0.077566001,0.97294093,0.626782463,0.307187769,-1
0.273164414,0.591845401,0.855262646,0.55903295,-1
0.22446766,0.075993034,0.493421242,0.584895162,-1
0.406105911,0.868484325,0.516089302,0.97820461,1
0.211910862,0.2834052,0.973938388,0.904069556,-1
0.018485791,0.357844667,0.107850884,0.296174663,1
0.893602035,0.497560107,0.974165115,0.740238079,1
0.375372028,0.4710602,0.036854652,0.335517706,1
0.805688974,0.514571318,0.87196021,0.073844756,1
0.059713044,0.0757992,0.319476273,0.963942738,-1
0.57526983,0.427395993,0.778550716,0.134134581,1
0.830950243,0.843224326,0.032261988,0.042080552,1
0.667684964,0.334948749,0.032936686,0.9933396,1
0.887605238,0.471754902,0.993529069,0.593558794,1
0.85660825,0.595506045,0.454591604,0.021127973,1
0.650799548,0.253424535,0.310190874,0.986090683,1
0.120583335,0.720816341,0.595508926,0.616662654,1
0.26706793,0.561316239,0.456723924,0.280329714,1
0.079215159,0.570164953,0.079210082,0.130143158,1
0.128374514,0.145435362,0.577924049,0.107198957,-1
0.469266405,0.750687782,0.919003198,0.249085578,1
0.70974702,0.716160285,0.896077737,0.130005731,1
0.459781703,0.782018729,0.519131677,0.384038739,1
0.402269406,0.428983799,0.173815307,0.876133417,1
0.434927302,0.547633457,0.974760392,0.019789761,-1
0.244040788,0.225298178,0.883869605,0.953241582,-1
0.894569122,0.337769193,0.882351061,0.631468592,1
0.705341472,0.161736466,0.319160441,0.810725274,1
0.000725919,0.940748186,0.581051346,0.543552452,-1
0.439541982,0.385577184,0.589207887,0.270176584,1
0.736162231,0.389892275,0.321819022,0.501302425,1
0.257983088,0.413953227,0.75133555,0.143596369,-1
0.429487891,0.985384922,0.239159528,0.438160309,1
0.096151132,0.059991446,0.570126452,0.470841923,-1
0.833771533,0.66051242,0.027924779,0.1266069,1
0.250076971,0.969000645,0.058152075,0.987352006,1
0.761905139,0.022542778,0.701199976,0.920818291,1
0.779692323,0.921631474,0.806016257,0.14041185,1
0.152650898,0.254641015,0.378134639,0.130288523,1
0.229453553,0.087944736,0.694083346,0.746502339,-1
0.439084841,0.956173687,0.510442683,0.72030492,1
0.866674661,0.361171416,0.540051144,0.490068558,1
0.166219526,0.922577429,0.744593597,0.825657689,1
0.877567783,0.708498249,0.190692252,0.179066506,1
0.997699678,0.627095571,0.672855318,0.70328383,1
0.837893637,0.304005727,0.317122378,0.443400897,1
0.421533147,0.344046581,0.911671219,0.585911048,-1
0.505145622,0.618079056,0.601729788,0.598000948,1
0.46121146,0.451939518,0.128526996,0.094435208,1
0.414844629,0.411550672,0.171140623,0.506008672,1
0.440166126,0.407018885,0.105941395,0.119351172,1
0.115164182,0.968096955,0.6864225,0.140192909,1
0.61730019,0.072254395,0.904401074,0.243339545,-1
0.981624934,0.806750807,0.518331084,0.450441424,1
0.884914992,0.092629988,0.623497071,0.158230927,1
0.283732402,0.929329843,0.292053038,0.674635928,1
0.746405215,0.097366453,0.057770533,0.366529035,1
0.378318045,0.766693929,0.191836768,0.759146065,1
0.610491891,0.803888538,0.063110389,0.551159614,1
0.192197272,0.643293584,0.787645426,0.404291454,-1
0.042115941,0.929564919,0.462324444,0.187415903,1
0.684409626,0.726623403,0.473113875,0.722849052,1
0.132593064,0.276771605,0.409689506,0.976610051,1
0.510486144,0.934083468,0.039264919,0.598435626,1
0.772261947,0.371171737,0.549239371,0.703624882,1
0.557380756,0.681905269,0.032843866,0.951214782,1
0.407305572,0.385062259,0.927135581,0.062902554,-1
0.029828311,0.584519329,0.034052605,0.682363601,1
0.347040404,0.887436541,0.80884403,0.964501471,1
0.963562432,0.962875807,0.376959147,0.560957145,1
0.740637664,0.347583684,0.385426472,0.618630703,1
0.988328485,0.99729881,0.247904578,0.888109481,1
0.823751821,0.853687032,0.573159114,0.796321453,1
0.503393183,0.805879213,0.449909072,0.987924523,1
0.459920325,0.712720455,0.521187609,0.709734228,1
0.693111077,0.854410538,0.049675953,0.076379136,1
0.432894418,0.527179729,0.226812193,0.950641254,1
0.764233931,0.837855578,0.922765837,0.637800623,1
0.324914928,0.582811875,0.624173011,0.1726691,1
0.533347723,0.201198247,0.009133097,0.759984432,1
0.341991478,0.928102073,0.600442533,0.656876551,1
0.159815118,0.839859909,0.612348538,0.364239011,1
0.604021191,0.077993006,0.014107244,0.355026678,1
0.066276601,0.116483113,0.75608776,0.194695723,-1
0.028810174,0.925548342,0.970631545,0.101472204,-1
0.284495166,0.877531174,0.295433468,0.601899847,1
0.116128253,0.301362586,0.590359388,0.101025328,-1
0.34402054,0.685418319,0.635090991,0.596678474,1
0.103222582,0.078920573,0.966435167,0.563163977,-1
0.950233002,0.876957229,0.460095942,0.00233961,1
0.030381855,0.804315668,0.098318581,0.203443977,1
0.540042655,0.438308856,0.611892638,0.553665328,1
0.768311966,0.242221778,0.390772734,0.391585602,1
0.924858217,0.904953449,0.497517128,0.163940331,1
0.654012426,0.219018538,0.773747532,0.353910474,1
0.035121545,0.307141396,0.586610708,0.375339412,-1
0.977044833,0.71936764,0.235575584,0.206733695,1
0.957982455,0.3421553,0.71602644,0.358339779,1
0.940890713,0.966049742,0.766011013,0.10159761,1
0.668710022,0.508368441,0.542539837,0.878917395,1
0.686520825,0.271165392,0.315023395,0.87322254,1
0.93454844,0.316574882,0.666920314,0.873225964,1
0.080166966,0.618934876,0.813130153,0.680576984,-1
0.575254609,0.244967635,0.348127548,0.654361247,1
0.891985638,0.162483108,0.238826058,0.244025451,1
0.37435456,0.826576634,0.102886724,0.451852264,1
0.806170626,0.697397108,0.781873133,0.677700516,1
0.040096162,0.142508155,0.325501559,0.292981744,-1
0.922045492,0.759532242,0.166670656,0.272670598,1
0.837592043,0.163759694,0.23040213,0.758711097,1
0.378118308,0.799226092,0.163354179,0.522307768,1
0.955815759,0.769286507,0.17530663,0.958734257,1
0.613499822,0.864385389,0.909013664,0.293518068,1
0.161460915,0.526155238,0.524051611,0.448231505,1
0.562623642,0.271778864,0.710934135,0.688315418,1
0.12373226,0.500833771,0.394526487,0.587543548,1
0.144835678,0.842456856,0.69554149,0.185810159,1
0.887586284,0.064031215,0.614751196,0.259582771,1
0.938963992,0.08371519,0.61608734,0.154463525,1
0.243346784,0.878594082,0.513556119,0.680070344,1
0.402690936,0.089894231,0.245998666,0.607187314,1
0.657045946,0.714192049,0.604708675,0.799929391,1
0.540038302,0.004037372,0.885354622,0.120048184,-1
0.064285616,0.533518649,0.837972776,0.285475021,-1
0.93019059,0.508757439,0.677085662,0.217916625,1
0.011696159,0.236125303,0.937782358,0.282141167,-1
0.511744553,0.537460101,0.273257227,0.262831806,1
0.669578737,0.471832031,0.661604026,0.4386001,1
0.756901309,0.263317415,0.983625716,0.713719748,1
0.278016335,0.303772939,0.300386773,0.961638884,1
0.631604258,0.70920345,0.700640847,0.03637799,1
0.483833492,0.969188808,0.856279899,0.461118856,1
0.489842394,0.417487675,0.611168246,0.809389962,1
0.28036429,0.5203881,0.652402506,0.571715402,1
0.026371116,0.14247578,0.187497225,0.564988265,1
0.150220702,0.311995196,0.841421976,0.661691493,-1
0.582064698,0.86490615,0.756957196,0.584001731,1
0.032730881,0.031891494,0.006692841,0.696742097,1
0.927538958,0.041521808,0.612308554,0.107219026,1
0.553303673,0.267017255,0.410073914,0.072936177,1
0.382000242,0.218329984,0.494813394,0.58793636,1
0.111522771,0.701625387,0.260861125,0.170078626,1
0.145628736,0.424502569,0.338325225,0.127033946,1
0.943078611,0.013254384,0.215498504,0.572279085,1
0.456380173,0.403834445,0.439690637,0.011075619,1
0.629115605,0.200367792,0.916961749,0.299792853,1
0.954260774,0.346234118,0.510370101,0.267194126,1
0.604702245,0.626213425,0.432778822,0.240479954,1
0.862987321,0.826388933,0.865815495,0.863355562,1
0.753296497,0.566800105,0.62363557,0.863511256,1
0.075895708,0.917076767,0.495571597,0.911039938,1
0.287491024,0.989452477,0.817695801,0.954586312,1
0.589796237,0.059347428,0.398871017,0.992436163,1
0.254145945,0.755341009,0.9236521,0.523055062,-1
0.085200687,0.811999993,0.138533581,0.026599726,1
0.59549357,0.420457479,0.278861833,0.479787829,1
0.187124418,0.565019403,0.033035165,0.675674587,1
0.717451662,0.453801956,0.266537393,0.995142085,1
0.054959347,0.019798576,0.175048637,0.199957328,1
0.604746605,0.626057421,0.499696305,0.06864081,1
0.00796476,0.765869637,0.58686059,0.973766212,-1
0.001133402,0.362483086,0.642605022,0.041613515,-1
0.451262968,0.171584918,0.115849183,0.072926962,1
0.451128567,0.008612525,0.122062619,0.493256262,1
0.679725475,0.348216762,0.335828285,0.573584063,1
0.3182813,0.0097341,0.818327495,0.60136573,-1
0.461612909,0.101546054,0.680936776,0.040940786,1
0.014695258,0.400093636,0.554715932,0.223524171,-1
0.419911779,0.95536647,0.750941629,0.026041402,1
0.781726104,0.160801057,0.699213307,0.036405742,1
0.657948382,0.603567294,0.074144746,0.056858461,1
0.69897799,0.447114497,0.80649493,0.400689041,1
0.807959058,0.293532632,0.02363636,0.252798035,1
0.774968097,0.830034643,0.56753215,0.640015891,1
0.597991088,0.841076779,0.514854147,0.084481106,1
0.938257499,0.591548993,0.098402542,0.549307243,1
0.628548769,0.348470807,0.549431034,0.424673999,1
0.435720207,0.390442991,0.504309302,0.118775442,1
0.156466825,0.259157212,0.018177244,0.613824868,1
0.860001077,0.745804091,0.423960524,0.075745966,1
0.230734939,0.569191422,0.126038912,0.649569984,1
0.512930395,0.748130043,0.304348781,0.147625932,1
0.589906284,0.746394768,0.158246436,0.57710984,1
0.861057682,0.998723744,0.616012398,0.586859883,1
0.783037405,0.134367117,0.413437857,0.414659463,1
0.738867744,0.980074742,0.371288053,0.391881139,1
0.278343107,0.971233119,0.672174863,0.102596226,1
0.591716144,0.832924303,0.427791484,0.545635295,1
0.363380004,0.389419328,0.436693706,0.195740059,1
0.117385944,0.875220164,0.822748558,0.099863998,-1
0.314660505,0.104315994,0.612101437,0.134987714,-1
0.033100897,0.953159201,0.624658125,0.918654765,-1
0.327699723,0.633290204,0.46156483,0.572903049,1
0.293912434,0.088098233,0.284389549,0.057480129,1
0.953528225,0.537054165,0.160594219,0.372109819,1
0.192688739,0.605800736,0.674895709,0.345181519,1
0.976934572,0.641147033,0.432858538,0.743422202,1
0.864032738,0.482462102,0.037330841,0.363136803,1
0.059529068,0.808133288,0.17191325,0.82457738,1
0.653333112,0.813484924,0.042187129,0.089677818,1
0.611012728,0.040202082,0.738943945,0.12209867,1
0.099860203,0.777352618,0.212562512,0.586853972,1
0.641299815,0.565891472,0.736756475,0.957092241,1
0.510684966,0.958514604,0.873417405,0.839072826,1
0.066278999,0.955576796,0.196330626,0.559477385,1
0.293560063,0.888838677,0.190216375,0.86224202,1
0.707589669,0.229234267,0.847727755,0.562440568,1
0.467439847,0.55192403,0.462343762,0.622997059,1
0.775777637,0.41582645,0.745402797,0.87896503,1
0.344702449,0.547047978,0.080381869,0.950571608,1
0.792703779,0.523033454,0.417174931,0.132512668,1
0.808212427,0.735911404,0.297062775,0.685693129,1
0.079496261,0.676567524,0.243997105,0.443400354,1
0.47730627,0.694264027,0.279445114,0.922239474,1
0.720104564,0.549544886,0.864311591,0.857445006,1
0.05311481,0.756180575,0.365700838,0.343262671,1
0.18722635,0.540524852,0.554185019,0.320636377,1
0.540832031,0.775585816,0.056552603,0.722848591,1
0.580885912,0.321723629,0.523079331,0.293456094,1
0.213550461,0.908918893,0.20315737,0.606589567,1
0.658338406,0.800142964,0.879106249,0.34529491,1
0.517121473,0.803233643,0.022513031,0.893559225,1
0.076795998,0.6146259,0.404024397,0.556985125,1
0.467367853,0.663881524,0.331497591,0.473590315,1
0.744353532,0.212657737,0.537653235,0.917010799,1
0.083051607,0.242116389,0.944568554,0.52238323,-1
0.461723895,0.775142044,0.227925197,0.508530575,1
0.866056109,0.801131078,0.510444159,0.838312974,1
0.893878855,0.266761457,0.51165511,0.67172197,1
0.557747016,0.69027902,0.176710184,0.044013665,1
0.318366506,0.427019087,0.322811047,0.531804225,1
0.666663625,0.077701206,0.712994936,0.779437135,1
0.040426928,0.675866156,0.044128705,0.232263304,1
0.439103927,0.389350534,0.475228949,0.257766364,1
0.974135675,0.615436672,0.164970859,0.012168071,1
0.490223667,0.316924794,0.905062364,0.865305612,-1
0.430488327,0.548895103,0.148366186,0.44026293,1
0.586727484,0.740478751,0.397047435,0.251098857,1
0.437985196,0.859943684,0.592031482,0.583551482,1
0.22017491,0.358058229,0.062999582,0.227122752,1
0.731432449,0.987493686,0.874225578,0.651094146,1
0.381172832,0.262382493,0.881281182,0.895843907,-1
0.945581656,0.495171087,0.556755912,0.185845834,1
0.25251967,0.300786463,0.488792652,0.148769248,1
0.755674138,0.720574331,0.889925668,0.397197606,1
0.237760699,0.231820492,0.854606581,0.53392723,-1
0.035631603,0.334385393,0.805324096,0.343281494,-1
0.505642442,0.366187837,0.929938294,0.85084369,1
0.53721207,0.540965199,0.559944231,0.956809958,1
0.773948847,0.646421951,0.072696852,0.565737157,1
0.266481813,0.8417763,0.4624619,0.632592457,1
0.247034455,0.653405192,0.356861711,0.05893177,1
0.669671379,0.164476635,0.730605665,0.399265883,1
0.792425878,0.905006432,0.306614064,0.949511938,1
0.508320911,0.918013057,0.886336158,0.879868355,1
0.41282499,0.566323439,0.446407914,0.422596858,1
0.240580826,0.946772725,0.464721818,0.151874948,1
0.559323547,0.656527147,0.097715519,0.108719524,1
0.22553002,0.902463392,0.450739835,0.780464564,1
0.262366622,0.089409893,0.46864784,0.761266994,1
0.910727815,0.685717396,0.906348997,0.396873812,1
0.990174242,0.940436252,0.295432761,0.003357636,1
0.374625563,0.428808504,0.77196275,0.000188157,1
0.287552186,0.281778208,0.255863401,0.73746953,1
0.930225822,0.699359355,0.166961394,0.333758987,1
0.382141666,0.825523721,0.2874647,0.291025861,1
0.419451451,0.193974671,0.857575912,0.993022651,-1
0.306957921,0.423184938,0.587250273,0.411799879,1
0.088207478,0.678594942,0.805336403,0.717315724,-1
0.777859783,0.173615238,0.644359605,0.103350269,1
0.414763502,0.785804088,0.110067226,0.917822947,1
0.520420878,0.232850019,0.354171543,0.948142037,1
0.079429456,0.979700332,0.475652239,0.373351628,1
0.245372093,0.557389525,0.7732927,0.314391257,1
0.025142173,0.607699342,0.442895139,0.469485845,-1
0.694910056,0.255896626,0.317809551,0.840139655,1
0.610098205,0.749164739,0.523682706,0.237688163,1
0.885172123,0.823803916,0.237395238,0.297742246,1
0.355589714,0.797915566,0.798787791,0.482745225,1
0.747817612,0.625553847,0.067997407,0.745181843,1
0.529384826,0.747363861,0.062957257,0.954929379,1
0.40103563,0.799164535,0.059244122,0.233657656,1
0.865184885,0.948969955,0.225768934,0.861577076,1
0.157317606,0.053836816,0.020354866,0.737760435,1
0.734792635,0.696172317,0.684962809,0.16019185,1
0.859230357,0.247703197,0.180845937,0.294381762,1
0.800188107,0.333976146,0.927849472,0.515471035,1
0.23440451,0.399562133,0.95921964,0.434026627,-1
0.666702365,0.111592986,0.793883767,0.418263598,1
0.859947219,0.798176142,0.852848156,0.426522423,1
0.906072478,0.666497492,0.959442179,0.976335047,1
0.29350695,0.942389199,0.122937022,0.349980992,1
0.306132742,0.602663027,0.965114074,0.055956721,-1
0.317330864,0.700634544,0.008532538,0.134817666,1
0.764874861,0.860309859,0.133989494,0.364460472,1
0.843716432,0.916218081,0.379983908,0.257287127,1
0.851034094,0.215819279,0.036233447,0.680432404,1
0.075439338,0.728108584,0.214120887,0.590526621,1
0.788708545,0.812106587,0.517586998,0.045798205,1
0.172578833,0.403000656,0.751183229,0.743756661,-1
0.303558306,0.16382533,0.6323152,0.844587662,1
0.072092093,0.6581531,0.609327167,0.211378328,-1
0.995003158,0.471411561,0.446769082,0.081731282,1
0.234702454,0.095991904,0.398301411,0.976232757,1
0.212107324,0.604903492,0.775071668,0.264123866,-1
0.376639461,0.11550207,0.498078175,0.499920841,1
0.941490442,0.403517345,0.493158675,0.069663332,1
0.85142672,0.701678583,0.480743794,0.504022765,1
0.946899668,0.827090959,0.464185979,0.632292878,1
0.479945261,0.570875172,0.136099357,0.966351422,1
0.513253765,0.200598933,0.633735024,0.441015298,1
0.921145096,0.536062315,0.285570153,0.934919356,1
0.711696652,0.91681361,0.577380071,0.065850672,1
0.958620953,0.582314318,0.557180169,0.044464417,1
0.860603555,0.222465675,0.718249773,0.8459785,1
0.458326783,0.978177636,0.552231337,0.624416166,1
0.665426678,0.498631745,0.249209655,0.542212193,1
0.43712204,0.233199966,0.092232886,0.679376724,1
0.693738267,0.619172128,0.701986588,0.917862092,1
0.239425612,0.20739326,0.024293141,0.932662513,1
0.093042514,0.049563655,0.674023397,0.875303297,-1
0.546711836,0.708083223,0.769993323,0.66541626,1
0.227769779,0.295997291,0.080996512,0.738385154,1
0.484515933,0.229229623,0.175810037,0.756282153,1
0.753895955,0.160734057,0.954844956,0.898341237,1
0.224630316,0.587985958,0.112123353,0.515943198,1
0.642676532,0.301370904,0.654850228,0.638779752,1
0.675192067,0.231464913,0.506222714,0.343588077,1
0.809494388,0.222254858,0.505232085,0.868298022,1
0.419930517,0.930726153,0.072718272,0.450714645,1
0.440633191,0.893337662,0.273803949,0.729693171,1
0.935318534,0.077726674,0.9753466,0.164759093,1
0.068567288,0.588736911,0.744891873,0.567023951,-1
0.682507703,0.101580631,0.853769215,0.810793445,1
0.409075951,0.87354725,0.181106054,0.72805103,1
0.759805881,0.197643904,0.872925083,0.343815878,1
0.553163599,0.791551657,0.730895659,0.974443102,1
0.196239712,0.20983159,0.101860175,0.920226202,1
0.658293923,0.217322044,0.00298155,0.372892771,1
0.02816916,0.850234181,0.840847478,0.797920829,-1
0.546289944,0.5040438,0.373557892,0.646776077,1
0.773033277,0.202819502,0.096628108,0.373821053,1
0.401466591,0.579626632,0.340036779,0.410640337,1
0.666143883,0.762770846,0.86496017,0.549931903,1
0.460926758,0.741865315,0.264473168,0.608537261,1
0.634055005,0.959179253,0.054072633,0.740965026,1
0.200865364,0.315159795,0.913228181,0.343879141,-1
0.256244358,0.111969024,0.180283202,0.73258859,1
0.493653446,0.926868363,0.046771657,0.526400473,1
0.201943146,0.502435508,0.830140414,0.576746367,-1
0.277740312,0.384048838,0.366071208,0.548035031,1
0.389286294,0.130330412,0.014518455,0.487211613,1
0.822266972,0.118374608,0.233767558,0.855286148,1
0.336022295,0.428290233,0.832675709,0.83018543,-1
0.069116218,0.504611486,0.313489881,0.321958138,1
0.151182285,0.943362608,0.960949673,0.731609384,-1
0.73367722,0.728676241,0.017548885,0.149154111,1
0.844607837,0.451783061,0.377507651,0.713475153,1
0.100860813,0.272925025,0.273183521,0.098123739,1
0.454165855,0.310115639,0.999938177,0.387287816,-1
0.819135883,0.910607966,0.387145524,0.194539852,1
0.929725998,0.716168013,0.668591667,0.507196763,1
0.861990953,0.506635008,0.588622743,0.921483743,1
0.618448947,0.376269695,0.693145287,0.171378915,1
0.367205404,0.871125443,0.297411627,0.660558444,1
0.022865812,0.23878615,0.23228752,0.877985668,1
0.131086904,0.520559467,0.000903213,0.436399555,1
0.351002938,0.373715514,0.625788518,0.239023839,1
0.190398979,0.373761549,0.82852433,0.840948757,-1
0.156951595,0.705152223,0.480753847,0.651215457,1
0.462772573,0.169938366,0.43610983,0.875517609,1
0.176243214,0.539750601,0.416876869,0.797657219,1
0.430904405,0.15005705,0.026459131,0.903993366,1
0.104578678,0.352111494,0.862137453,0.363336196,-1
0.021185519,0.844383569,0.124751719,0.810867848,1
0.951811379,0.250073459,0.408076243,0.064056767,1
0.099261675,0.559386958,0.603166794,0.780574888,-1
0.813704456,0.385523449,0.710547489,0.548723334,1
0.724508756,0.2314329,0.0432189,0.226913469,1
0.901436894,0.152217642,0.685333983,0.781996301,1
0.235811544,0.921461706,0.078751524,0.376767601,1
0.120469278,0.096959788,0.428409026,0.341516733,-1
0.228332007,0.957465524,0.889993557,0.620399987,1
0.301769771,0.364614802,0.460079282,0.426319594,1
0.644434018,0.238881128,0.17506454,0.473602343,1
0.235628521,0.766816243,0.835697195,0.284855806,1
0.996861747,0.905207098,0.055497998,0.227120052,1
0.287177574,0.299086213,0.712737265,0.868127587,-1
0.527776742,0.342452746,0.832701387,0.314879541,1
0.172303448,0.949556286,0.17910592,0.516516335,1
0.48256138,0.950133107,0.756903591,0.073501018,1
0.11144342,0.165068028,0.075524589,0.983405362,1
0.951034502,0.867821106,0.422127476,0.147215154,1
0.992643595,0.483592421,0.883995894,0.095081006,1
0.2732937,0.911455345,0.661595272,0.909532642,1
0.467335176,0.839579204,0.906058029,0.347905836,1
0.258870833,0.920308869,0.899087626,0.359893443,1
0.622521074,0.413033949,0.306612596,0.35455088,1
0.361545905,0.52556713,0.321248578,0.212013424,1
0.015283394,0.455933138,0.450550615,0.755311783,-1
0.614887318,0.65395909,0.858817939,0.696423781,1
0.631542369,0.664552978,0.78518064,0.343593786,1
0.14419848,0.576708533,0.939811607,0.202756836,-1
0.753516381,0.687451866,0.632193,0.064804498,1
0.542088763,0.731998847,0.975081392,0.810555166,1
0.721081671,0.512359861,0.761874271,0.236523022,1
0.006676495,0.850600248,0.682682607,0.883486198,-1
0.059855602,0.195553602,0.648221772,0.661744675,-1
0.630899857,0.000210546,0.008223894,0.949219867,1
0.494563581,0.894081482,0.226648729,0.990184224,1
0.993427052,0.384096746,0.768037156,0.081103414,1
0.974491708,0.115806324,0.043652442,0.376465429,1
0.782258291,0.799885229,0.267123811,0.800185931,1
0.562606831,0.962776733,0.51819666,0.111446804,1
0.211313535,0.069303797,0.103317883,0.293346632,1
0.104203488,0.898256813,0.187331193,0.747296666,1
0.004042404,0.663157407,0.57947209,0.504125678,-1
0.286247246,0.637956558,0.951869401,0.103186539,-1
0.966813198,0.521465388,0.215695472,0.053357734,1
0.749072584,0.944997888,0.00635923,0.623773605,1
0.035575141,0.129018872,0.426168707,0.907113813,-1
0.773210567,0.260016149,0.312405923,0.84510648,1
0.337044595,0.579312476,0.781743755,0.219708982,1
0.727055175,0.125747483,0.290604884,0.628567609,1
0.680437504,0.675843623,0.319604934,0.692279664,1
0.208188662,0.275065344,0.559355731,0.401414142,1
0.188227124,0.915509241,0.049619879,0.440217668,1
0.182969493,0.432225269,0.731028844,0.846155736,-1
0.93288292,0.532319626,0.40864299,0.001697277,1
0.931629576,0.882530834,0.214969759,0.279713222,1
0.588196876,0.69557945,0.444825778,0.251228541,1
0.954979854,0.728256004,0.603914102,0.041809697,1
0.476277414,0.665447776,0.538153834,0.90651528,1
0.252108056,0.277065025,0.042045812,0.181925665,1
0.563771068,0.039037614,0.234025115,0.172458057,1
0.923069751,0.412093695,0.654704547,0.612094518,1
0.552578336,0.627577804,0.578559328,0.616317966,1
0.27144009,0.794418781,0.228006845,0.870523257,1
0.737996102,0.82968067,0.707115957,0.224732524,1
0.890108441,0.218865284,0.168125227,0.237141627,1
0.080370304,0.571121715,0.571509228,0.368392913,-1
0.886340789,0.406909516,0.737553143,0.093475209,1
0.341834407,0.441540475,0.63853106,0.869776263,1
0.395670145,0.775336768,0.496029944,0.36553927,1
0.416433394,0.686214813,0.236831369,0.789609157,1
0.850422504,0.863704078,2.09E-05,0.19137361,1
0.327800791,0.62693418,0.279943358,0.525264838,1
0.798147215,0.426260783,0.773373059,0.008765181,1
0.918606564,0.063616686,0.785270488,0.419078348,1
0.560832826,0.357712132,0.498693838,0.026930071,1
0.504834795,0.111388606,0.075862305,0.432338669,1
0.491936932,0.452081376,0.329642986,0.549246576,1
0.859398366,0.725240371,0.828022528,0.282149477,1
0.466662454,0.739414098,0.864894615,0.720977761,1
0.476044042,0.548750058,0.099811797,0.275139508,1
0.701629746,0.041080055,0.487002253,0.285921223,1
0.048737632,0.089883184,0.650764424,0.03101056,-1
0.747175667,0.431120851,0.962817199,0.03527243,1
0.476513858,0.900117065,0.545535759,0.11825504,1
0.627117851,0.685370201,0.301896038,0.413119418,1
0.992148687,0.338731618,0.375902924,0.902996998,1
0.271378287,0.246705538,0.607901629,0.611853229,1
0.361438889,0.05879535,0.558256908,0.414620595,1
0.277851434,0.022463928,0.371947454,0.423945601,1
0.853366399,0.541964064,0.931997595,0.537168397,1
0.987610003,0.236784071,0.012169394,0.255513185,1
0.928407026,0.531719537,0.195305015,0.656320639,1
0.326560357,0.190378478,0.194169595,0.878322206,1
0.000616227,0.22906891,0.740617071,0.371352725,-1
0.396954741,0.294348051,0.478425055,0.191945849,1
0.730760738,0.406291686,0.758562759,0.666896099,1
0.710063495,0.759890336,0.716968652,0.614718036,1
0.551650407,0.517850115,0.525253717,0.214137078,1
0.156687301,0.103719091,0.928754246,0.812635903,-1
0.895904642,0.91087544,0.49299579,0.250958972,1
0.086632814,0.220250593,0.527505139,0.464755443,-1
0.082131361,0.267467488,0.709637044,0.441092337,-1
0.442768124,0.807385676,0.569801173,0.725024153,1
0.017909542,0.667319422,0.98795857,0.385708243,-1
0.493404499,0.937551506,0.004976289,0.001251211,1
0.65288035,0.778924663,0.690401514,0.358093341,1
0.210398509,0.466100728,0.283919421,0.210854897,1
0.226318613,0.17252833,0.792990513,0.506742023,-1
0.340686438,0.837046577,0.076546154,0.223504276,1
0.184928435,0.722272755,0.353892696,0.08526116,1
0.355380816,0.278323292,0.070216704,0.915730778,1
0.987432874,0.626035826,0.871051389,0.194852962,1
0.847737464,0.956384829,0.227869928,0.190244107,1
0.443340457,0.640561036,0.876139775,0.367053802,1
0.893593728,0.009760713,0.264875111,0.680787689,1
0.72936135,0.466802776,0.397939148,0.140099676,1
0.436243933,0.156949308,0.69422616,0.635140487,1
0.911518662,0.174739306,0.537227129,0.619162263,1
0.656079504,0.58778775,0.068001893,0.374456934,1
0.778699794,0.974492012,0.388326075,0.387132739,1
0.810354221,0.259343688,0.223807508,0.651158128,1
0.356980423,0.898333765,0.56830808,0.276772623,1
0.533029915,0.752957568,0.618196877,0.842720617,1
0.477602054,0.874880381,0.904616405,0.53112974,1
0.257018029,0.563408221,0.333344429,0.167487979,1
0.844014609,0.562463658,0.370417507,0.485895879,1
0.880499196,0.503261323,0.042882844,0.399403262,1
0.392228519,0.778147608,0.414704551,0.359841535,1
0.512150942,0.432350243,0.208619992,0.890017588,1
0.720441139,0.042719621,0.263652674,0.167771057,1
0.384324851,0.663207437,0.401211724,0.23192435,1
0.626261182,0.386585754,0.764367472,0.392313889,1
0.953778705,0.971581073,0.402431621,0.280609571,1
0.704483036,0.998241942,0.428993313,0.547498711,1
0.107863269,0.907334392,0.099524515,0.966284034,1
0.394329948,0.141860322,0.092367749,0.843541078,1
0.747310308,0.801564184,0.421610609,0.766842885,1
0.769672088,0.297587614,0.882609136,0.61419226,1
0.281273382,0.123382626,0.816142473,0.747229034,-1
0.084575134,0.470230986,0.926980296,0.18528927,-1
0.892225487,0.806958696,0.997514357,0.182874553,1
0.81388917,0.183936552,0.699262619,0.784238502,1
0.547707562,0.892301976,0.441945232,0.421955344,1
0.955017809,0.311838678,0.04636089,0.770916416,1
0.246025084,0.765285811,0.115719143,0.42613382,1
0.324408326,0.211584761,0.153388188,0.571920301,1
0.776266759,0.60846266,0.288346476,0.644995655,1
0.533559704,0.707823785,0.221331546,0.502361602,1
0.125515971,0.14069991,0.445326886,0.33124986,-1
0.103641797,0.813262203,0.547980218,0.088197363,1
0.03553621,0.0371216,0.11577954,0.772472123,1
0.418501376,0.930414068,0.902828704,0.90370542,1
0.027228262,0.717940749,0.504923838,0.183161763,-1
0.401189154,0.497969263,0.698149181,0.877655607,1
0.973329617,0.591297877,0.780124405,0.435999811,1
0.977696667,0.035344087,0.639803773,0.131910087,1
0.429228913,0.188744286,0.838355144,0.541365578,-1
0.198027419,0.898454533,0.497773913,0.086928731,1
0.576175534,0.401705503,0.693966172,0.301578819,1
0.429292932,0.578493573,0.987440525,0.639319352,-1
0.560096878,0.107309808,0.705383786,0.897525368,1
0.543118477,0.607853584,0.159444058,0.282613325,1
0.166342596,0.765353256,0.197616082,0.990545298,1
0.001571098,0.202707099,0.160265032,0.796750415,-1
0.95742011,0.106833226,0.672177401,0.199349696,1
0.445770713,0.459706445,0.214633975,0.453020464,1
0.446627262,0.523144086,0.955438002,0.287307253,1
0.444604514,0.054743579,0.275108951,0.248082588,1
0.653965557,0.983533074,0.696371419,0.596409258,1
0.500801461,0.742593975,0.863865129,0.038009736,1
0.610692173,0.225173917,0.05750484,0.329027293,1
0.621557809,0.521612703,0.575187602,0.923687099,1
0.31869994,0.201124584,0.214939638,0.664500801,1
0.570629865,0.430134853,0.397164332,0.862509905,1
0.622709881,0.356269527,0.995662453,0.344308144,1
0.090502143,0.740888683,0.740753342,0.901599907,-1
0.897986716,0.423534394,0.971359453,0.597496907,1
0.792703786,0.512210515,0.30766692,0.800343237,1
0.006003389,0.827887237,0.474269255,0.844992688,-1
0.34338895,0.574075865,0.930972929,0.925010094,-1
0.591151288,0.453359292,0.431772264,0.291346329,1
0.083015538,0.06963803,0.79812573,0.011670003,-1
0.498286098,0.713473557,0.312822115,0.084725188,1
0.392486641,0.602207141,0.871518341,0.364506955,1
0.020697383,0.059949314,0.121392784,0.930665643,1
0.841037428,0.88404946,0.527192319,0.77659836,1
0.14005219,0.93510904,0.037287785,0.837604967,1
0.464159717,0.954714303,0.387007968,0.521798835,1
0.009466219,0.113834753,0.826989475,0.339116132,-1
0.71164546,0.648438975,0.879935335,0.417870054,1
0.001171933,0.94768276,0.546342302,0.215284619,-1
0.843292804,0.627568943,0.529749982,0.908007186,1
0.602604387,0.699390303,0.021521234,0.640891495,1
0.350093478,0.25280719,0.322472667,0.390781428,1
0.525015773,0.630688475,0.51873486,0.985714061,1
0.30890617,0.933566486,0.690828254,0.540002235,1
0.639795572,0.538409196,0.240684506,0.815167704,1
0.344394939,0.24301377,0.619475867,0.201510118,1
0.711228504,0.681360292,0.635696586,0.647728479,1
0.727875863,0.791531713,0.731935117,0.217348149,1
0.464713326,0.953240355,0.175873901,0.261470594,1
0.878902538,0.460733124,0.64140482,0.75298052,1
0.782632025,0.374889762,0.890143166,0.958374762,1
0.733444367,0.848074069,0.842293939,0.577057029,1
0.902458239,0.638992983,0.047722302,0.390450915,1
0.51833873,0.655291072,0.418485346,0.726834899,1
0.589215965,0.526302914,0.423268335,0.502715407,1
0.015639718,0.114811027,0.53053209,0.932983503,-1
0.181075195,0.273446174,0.187105765,0.751655826,1
0.298150895,0.357660404,0.518029788,0.737269138,1
0.829894647,0.654036092,0.429956911,0.677947421,1
0.013193664,0.484852057,0.510002089,0.779806299,-1
0.410441789,0.831675746,0.611593943,0.481334479,1
0.474014031,0.405633875,0.772269999,0.489482664,1
0.493451253,0.896412031,0.885531999,0.684820463,1
0.757295289,0.552311013,0.038686047,0.970589646,1
0.013392766,0.94637067,0.103406894,0.845245047,1
0.285885393,0.670491883,0.576342479,0.169177389,1
0.130988859,0.305674984,0.996540702,0.675316926,-1
0.615646395,0.458593078,0.135583077,0.700067415,1
0.201502359,0.85379915,0.278761033,0.941379432,1
0.931008637,0.686795012,0.708115368,0.04918747,1
0.596820343,0.910018484,0.997767989,0.90836878,1
0.169926602,0.321527397,0.365361911,0.704637457,1
0.926912225,0.554231608,0.045592953,0.283773657,1
0.159101277,0.39987005,0.235023722,0.507749207,1
0.298254972,0.187918498,0.566257814,0.518657246,1
0.584081857,0.717876818,0.309781916,0.176553631,1
0.02977529,0.064893883,0.450861397,0.618142948,-1
0.423545139,0.467424301,0.398726325,0.877866818,1
0.375985777,0.672545881,0.820175648,0.825649862,1
0.102970278,0.041545236,0.830612683,0.683677471,-1
0.348067543,0.575657232,0.905884966,0.951837386,1
0.413449463,0.909905258,0.561851323,0.447926564,1
0.807359813,0.448073872,0.135487146,0.90459223,1
0.367309157,0.685185476,0.019065552,0.476163356,1
0.500861231,0.412121315,0.24092613,0.537795858,1
0.852794767,0.972004548,0.767595232,0.027289309,1
0.919189468,0.470265812,0.897317057,0.697332874,1
0.249143269,0.102227215,0.32710088,0.210558803,1
0.00750529,0.352004567,0.88940706,0.363497939,-1
0.800762035,0.048421096,0.725893419,0.386323704,1
0.166956968,0.035399115,0.862227522,0.953533986,-1
0.063837296,0.074567765,0.393818482,0.764904696,-1
0.101556694,0.158230525,0.616530905,0.288919924,-1
0.128243087,0.309954152,0.565729031,0.652804813,-1
0.14010259,0.302100455,0.6905654,0.66571706,-1
0.757758445,0.176361335,0.401395591,0.105815332,1
0.365734181,0.659927217,0.915150181,0.160865556,1
0.466766913,0.148245724,0.20485186,0.27368286,1
0.137992029,0.820098655,0.481672062,0.684809053,1
0.502071121,0.941030129,0.61963911,0.413311126,1
0.38683801,0.660537931,0.886238846,0.859649817,1
0.453802113,0.125715582,0.441730964,0.839958224,1
0.151908516,0.815186227,0.408262102,0.202326299,1
0.709024612,0.516607568,0.305364287,0.030471874,1
0.04144863,0.691225269,0.281363259,0.80973672,1
0.429196829,0.784424421,0.656873164,0.574826277,1
0.00237271,0.456405033,0.294528525,0.123524777,-1
0.900310333,0.272323537,0.831767809,0.010258561,1
0.755232405,0.2570717,0.167196064,0.493846804,1
0.225285534,0.156010406,0.5266517,0.221474673,1
0.105060729,0.788197738,0.963708963,0.845013036,-1
0.384800531,0.764750383,0.137073093,0.952188129,1
0.491840235,0.974122397,0.180409332,0.32175358,1
0.124525821,0.677470022,0.075399085,0.870947331,1
0.399866497,0.010716377,0.531390246,0.57910824,1
0.17877851,0.812505522,0.914009393,0.347017528,-1
0.659212101,0.695743735,0.82110251,0.887546201,1
0.841705852,0.010993652,0.31418521,0.705553315,1
0.087364095,0.86476242,0.721505475,0.025188687,-1
0.900921407,0.74928194,0.324488164,0.166413664,1
0.037494836,0.277408487,0.960284391,0.762506107,-1
0.256245596,0.766137412,0.885196506,0.680512871,-1
0.401254942,0.421831856,0.698197721,0.268097622,1
0.82574603,0.38717501,0.633310093,0.141280526,1
0.671335858,0.337419286,0.970970889,0.01459753,1
0.190387194,0.672542284,0.57320818,0.285576482,1
0.042259589,0.829597536,0.253055482,0.065991807,1
0.070546616,0.459197168,0.942258777,0.857060684,-1
0.689549413,0.633758191,0.923078158,0.41016625,1
0.851318356,0.135734921,0.641279426,0.03617479,1
0.289207607,0.62637632,0.806558438,0.853519512,1
0.725824666,0.117946489,0.497870199,0.700274847,1
0.019036583,0.822370849,0.050525788,0.490095294,1
0.798506947,0.342518389,0.34305464,0.746460883,1
0.046537526,0.237686906,0.753092923,0.137072704,-1
0.791452632,0.175041439,0.58222544,0.462848245,1
0.710153652,0.478612636,0.409333294,0.920574753,1
0.153534066,0.533838452,0.084195502,0.331182736,1
0.931070253,0.597129035,0.732172074,0.878599019,1
0.369556648,0.549593863,0.258729998,0.332722093,1
0.506786986,0.873068012,0.447610873,0.783914737,1
0.476286638,0.330770811,0.156973896,0.345516452,1
0.719152071,0.684477931,0.939141905,0.582731546,1
0.523649969,0.243584523,0.906489944,0.548630511,-1
0.96822025,0.598019567,0.921400203,0.246841737,1
0.894318083,0.459093232,0.916201091,0.586979905,1
0.170290088,0.324627112,0.444615294,0.782337593,1
0.131123329,0.731818075,0.018998831,0.745115048,1
0.675298414,0.374610567,0.018084453,0.950225331,1
0.217998546,0.967581463,0.424654661,0.312859846,1
0.073278552,0.218043804,0.201325695,0.911810065,1
0.690710655,0.248231217,0.508759136,0.29683949,1
0.177154452,0.157325377,0.172733376,0.17984862,1
0.836109865,0.917233807,0.764496057,0.939813565,1
0.553449819,0.847883917,0.322676248,0.115697565,1
0.37300001,0.048221389,0.556997398,0.973055499,1
0.614268561,0.40067153,0.716888518,0.246765355,1
0.466652348,0.860991006,0.341300636,0.230483421,1
0.589893946,0.65683594,0.099804426,0.012550135,1
0.653793746,0.040005698,0.550516408,0.448168312,1
0.414165421,0.230001045,0.382060916,0.494229366,1
0.675647229,0.366468679,0.293077527,0.394154138,1
0.690713276,0.855876898,0.607312952,0.701318529,1
0.627358795,0.872985701,0.384170823,0.516564773,1
0.299985402,0.752863302,0.108906277,0.518959718,1
0.669758241,0.192929954,0.934715884,0.809865964,1
0.165127578,0.719121224,0.631293779,0.430383866,1
0.301732465,0.911418362,0.830714999,0.556856904,1
0.383417048,0.003499739,0.706431946,0.673245967,-1
0.876538854,0.715873229,0.014823788,0.376617245,1
0.382147188,0.979034808,0.58215469,0.172203821,1
0.244180954,0.024660287,0.011998843,0.751656958,1
0.61672417,0.513065363,0.763341542,0.876905975,1
0.682517834,0.297401348,0.296555065,0.080874079,1
0.013726274,0.133904623,0.920126397,0.928373248,-1
0.805310429,0.246028593,0.580315628,0.777870623,1
0.781258916,0.05940517,0.940766044,0.966892618,-1
0.577028012,0.396669924,0.945241846,0.509709708,1
0.194880519,0.072386658,0.212114119,0.246191241,1
0.498211674,0.808450212,0.138553715,0.304415568,1
0.29384305,0.737340326,0.505500117,0.936864084,1
0.642142496,0.440161554,0.78389771,0.373065905,1
0.877821661,0.33696473,0.262845333,0.287998829,1
0.729479005,0.543050371,0.364762931,0.986797994,1
0.956333374,0.76773364,0.886992291,0.495026726,1
0.160224026,0.321206168,0.33195194,0.046774208,1
0.006875768,0.531593205,0.281974786,0.27839395,-1
0.141980716,0.225526113,0.207903349,0.74858723,1
0.325326593,0.14509284,0.18285494,0.218244032,1
0.380296254,0.394315371,0.287982083,0.443375359,1
0.133718295,0.851801693,0.084163127,0.425124081,1
0.152683474,0.112803585,0.952436821,0.863699456,-1
0.620765374,0.226995508,0.822064866,0.987546942,1
0.984786623,0.215463289,0.198322374,0.094606935,1
0.440483758,0.340948102,0.520815361,0.400969599,1
0.344911528,0.861921128,0.012187396,0.753019606,1
0.321198485,0.864803816,0.767908154,0.96427028,1
0.228121718,0.821768819,0.118107772,0.861454965,1
0.806837271,0.609992856,0.545604929,0.59326967,1
0.372163266,0.304710012,0.322020967,0.724801425,1
0.840964133,0.113121179,0.166916949,0.376741641,1
0.869770089,0.32077382,0.500394846,0.538826367,1
0.836875064,0.170708887,0.535192895,0.687070331,1
0.998203533,0.471524604,0.132045261,0.759032194,1
0.086729655,0.851840047,0.2216494,0.225839026,1
0.086574867,0.545609969,0.698862317,0.032976742,-1
0.880215966,0.626775094,0.036065773,0.147867672,1
0.743317405,0.939621055,0.163697619,0.804040545,1
0.526094758,0.531977051,0.874526961,0.213029752,1
0.261431664,0.766041276,0.144615081,0.239667312,1
0.073995533,0.278547905,0.374562871,0.393356172,1
0.03621438,0.558311342,0.012539178,0.19365734,1
0.048756028,0.400276509,0.790300245,0.849331186,-1
0.130784447,0.235771912,0.101885925,0.194217644,1
0.723075876,0.749335568,0.499866913,0.33567602,1
0.515246823,0.334317465,0.590695817,0.594527096,1
0.35638404,0.578436582,0.378155233,0.175586892,1
0.496439248,0.980755897,0.451274335,0.458956451,1
0.64347894,0.209098757,0.560248236,0.200670566,1
0.458611931,0.00196773,0.71475872,0.882215986,-1
0.176323715,0.335829324,0.514006088,0.845315049,1
0.22633807,0.223729117,0.035494902,0.536182849,1
0.825909208,0.136778301,0.245356056,0.988882382,1
0.054263119,0.944570541,0.137772294,0.015459778,1
0.859787563,0.366206098,0.57050559,0.212680504,1
0.889478108,0.629981361,0.453324747,0.529802258,1
0.569234584,0.092675093,0.934783727,0.115995834,-1
0.288589875,0.230380013,0.681674458,0.080782263,-1
0.028703697,0.631680755,0.629989947,0.290896207,-1
0.76293528,0.185673682,0.33244638,0.27737991,1
0.713985473,0.828012603,0.982919705,0.448406497,1
0.755256986,0.596413617,0.516177743,0.126277774,1
0.065007275,0.089741852,0.286556529,0.709984088,-1
0.104662473,0.507353242,0.012643358,0.979964893,1
0.675039293,0.244281394,0.520868811,0.363527492,1
0.159424589,0.724876189,0.004560659,0.64725586,1
0.317583701,0.387363539,0.463524205,0.67348586,1
0.39563757,0.037540632,0.639538525,0.25935443,-1
0.02966754,0.90847185,0.026962103,0.460876101,1
0.640982301,0.52598919,0.68165225,0.28251333,1
0.958151561,0.044426119,0.956213637,0.667600974,1
0.382657928,0.50870749,0.182396581,0.083041281,1
0.564680781,0.476924359,0.757717843,0.6172156,1
0.298603048,0.948580549,0.794023708,0.578424195,1
0.366050239,0.825383811,0.031487796,0.596612851,1
0.418266789,0.173713871,0.646139537,0.789795578,1
0.244384203,0.635371647,0.672436464,0.988832028,1
0.152662979,0.377860193,0.45852433,0.52956466,1
0.790919259,0.081953396,0.71958206,0.148093611,1
0.26277799,0.388139399,0.601836941,0.364340657,1
0.214893446,0.896881645,0.858452969,0.565993297,-1
0.175346608,0.733250578,0.178127399,0.459410504,1
0.531584084,0.599366051,0.917517325,0.696818961,1
0.5478368,0.453217265,0.883674201,0.442111603,1
0.035864825,0.418032467,0.634371651,0.461847959,-1
0.874456599,0.001358154,0.874221157,0.035487932,1
0.895116245,0.883273565,0.942799787,0.519976176,1
0.418528229,0.946697114,0.667136408,0.331088096,1
0.746179182,0.292422996,0.891581895,0.743897668,1
0.129125083,0.296064369,0.995685709,0.4147527,-1
0.788237939,0.823850079,0.962135343,0.444371003,1
0.796857841,0.835892791,0.948769485,0.290383912,1
0.930556753,0.428970549,0.47313267,0.677187537,1
0.437909443,0.482733441,0.898888291,0.130685757,1
0.678688815,0.945490764,0.898306656,0.971205982,1
0.489593826,0.025783396,0.858468598,0.525528184,-1
0.091067347,0.967120166,0.693955517,0.686016009,-1
0.199272639,0.558909789,0.877123703,0.594543043,-1
0.503550378,0.83399554,0.296879683,0.451784331,1
0.913942318,0.775441207,0.670903805,0.840527039,1
0.193387217,0.189489652,0.927452554,0.610418159,-1
0.723390799,0.35811054,0.486213748,0.967673488,1
0.253490696,0.109505297,0.930765651,0.939052659,-1
0.194271734,0.656558728,0.101284123,0.552021335,1
0.699226719,0.942191375,0.548956916,0.936293327,1
0.503745872,0.256152224,0.891841891,0.660608866,-1
0.589497343,0.788493241,0.035727858,0.407745607,1
0.426011364,0.162408138,0.885479385,0.658894825,-1
0.667410891,0.345268058,0.73194284,0.621990805,1
0.300817251,0.682528871,0.34297933,0.211178338,1
0.194999182,0.106955578,0.569621692,0.467562599,-1
0.472287063,0.422343765,0.423051736,0.350331109,1
0.464107085,0.014756195,0.390270861,0.395884256,1
0.396511033,0.709981197,0.807529948,0.394677015,1
0.798082714,0.607877139,0.889582399,0.878675971,1
0.398979436,0.905699803,0.561431584,0.570320558,1
0.519659177,0.557199734,0.725040247,0.647876577,1
0.779759108,0.585115915,0.772296472,0.589217052,1
0.566194969,0.817134011,0.508380704,0.950864365,1
0.971869102,0.640264655,0.546398967,0.406189025,1
0.695663433,0.467096614,0.508705045,0.712689367,1
0.038418674,0.616852957,0.895275754,0.908329252,-1
0.758734229,0.697701918,0.280392872,0.906921855,1
0.835202048,0.597955696,0.068698532,0.419027603,1
0.350393038,0.965041195,0.441790502,0.031063406,1
0.879600867,0.672657142,0.31014948,0.665726878,1
0.067433056,0.654929712,0.071006396,0.022848516,1
0.191091355,0.674906707,0.737323808,0.796344623,1
0.222582454,0.360850535,0.107678213,0.556622519,1
0.842649711,0.823378811,0.917225036,0.828107628,1
0.7833679,0.680600844,0.682019725,0.966579915,1
0.683629118,0.946902556,0.022573806,0.236978105,1
0.283048837,0.064766412,0.362158495,0.006365991,1
0.797026179,0.078081351,0.908004395,0.065154736,1
0.216785232,0.349073133,0.696391171,0.98154121,-1
0.325198675,0.839672511,0.798762982,0.534108521,1
0.866998331,0.223228806,0.670747669,0.010689933,1
0.062273961,0.325163775,0.266730115,0.303188269,1
0.995804631,0.372277773,0.649589102,0.11657762,1
0.118245404,0.210915705,0.885144448,0.834159576,-1
0.459033155,0.177756293,0.374785174,0.242238056,1
0.64835023,0.047212341,0.806981628,0.694466088,1
0.89314514,0.514185551,0.224756598,0.959445694,1
0.473814393,0.659256597,0.412103727,0.033411319,1
0.100392281,0.787614524,0.756374626,0.40705106,-1
0.411552914,0.679421474,0.915184459,0.420432394,1
0.852309705,0.844172921,0.496350786,0.275964701,1
0.355725344,0.495569424,0.930300896,0.558277683,-1
0.858001506,0.439458609,0.558742992,0.730049237,1